Area: 181.366394
Volume: 229.730759